Datetime,Open,High,Low,Close,Volume,Dividends,Stock Splits
2023-02-01 17:05:00+03:30,1.0905125141143799,1.0907504558563232,1.0905125141143799,1.0905125141143799,0,0.0,0.0
2023-02-01 17:10:00+03:30,1.0905125141143799,1.0907504558563232,1.0903936624526978,1.0906314849853516,0,0.0,0.0
2023-02-01 17:15:00+03:30,1.0907504558563232,1.0911074876785278,1.0907504558563232,1.090869426727295,0,0.0,0.0
2023-02-01 17:20:00+03:30,1.091226577758789,1.0914647579193115,1.0909883975982666,1.0914647579193115,0,0.0,0.0
2023-02-01 17:25:00+03:30,1.0911074876785278,1.091226577758789,1.0907504558563232,1.0907504558563232,0,0.0,0.0
2023-02-01 17:30:00+03:30,1.0907504558563232,1.090869426727295,1.0906314849853516,1.0906314849853516,0,0.0,0.0
2023-02-01 17:35:00+03:30,1.0911074876785278,1.0915838479995728,1.0911074876785278,1.091226577758789,0,0.0,0.0
2023-02-01 17:40:00+03:30,1.091226577758789,1.0914647579193115,1.091226577758789,1.091226577758789,0,0.0,0.0
2023-02-01 17:45:00+03:30,1.0911074876785278,1.0911074876785278,1.0907504558563232,1.090869426727295,0,0.0,0.0
2023-02-01 17:50:00+03:30,1.0909883975982666,1.0913456678390503,1.090869426727295,1.090869426727295,0,0.0,0.0
2023-02-01 17:55:00+03:30,1.090869426727295,1.090869426727295,1.0906314849853516,1.0906314849853516,0,0.0,0.0
2023-02-01 18:00:00+03:30,1.0906314849853516,1.0907504558563232,1.0906314849853516,1.0906314849853516,0,0.0,0.0
2023-02-01 18:05:00+03:30,1.0905125141143799,1.091226577758789,1.0905125141143799,1.091226577758789,0,0.0,0.0
2023-02-01 18:10:00+03:30,1.090869426727295,1.090869426727295,1.0905125141143799,1.0905125141143799,0,0.0,0.0
2023-02-01 18:15:00+03:30,1.0907504558563232,1.0909883975982666,1.0907504558563232,1.0909883975982666,0,0.0,0.0
2023-02-01 18:20:00+03:30,1.090869426727295,1.0911074876785278,1.090869426727295,1.0909883975982666,0,0.0,0.0
2023-02-01 18:25:00+03:30,1.0907504558563232,1.0907504558563232,1.0906314849853516,1.0906314849853516,0,0.0,0.0
2023-02-01 18:30:00+03:30,1.0905125141143799,1.0905125141143799,1.0893245935440063,1.089680790901184,0,0.0,0.0
2023-02-01 18:35:00+03:30,1.089680790901184,1.090274691581726,1.089680790901184,1.0899182558059692,0,0.0,0.0
2023-02-01 18:40:00+03:30,1.090274691581726,1.0905125141143799,1.0901559591293335,1.0901559591293335,0,0.0,0.0
2023-02-01 18:45:00+03:30,1.0897995233535767,1.0901559591293335,1.089680790901184,1.0900371074676514,0,0.0,0.0
2023-02-01 18:50:00+03:30,1.0899182558059692,1.0900371074676514,1.089680790901184,1.0900371074676514,0,0.0,0.0
2023-02-01 18:55:00+03:30,1.0901559591293335,1.0905125141143799,1.0899182558059692,1.0905125141143799,0,0.0,0.0
2023-02-01 19:00:00+03:30,1.0906314849853516,1.0906314849853516,1.0906314849853516,1.0906314849853516,0,0.0,0.0
